%YAML:1.0
RE-C:
   x: 1042
   y: 556
LE-C:
   x: 1261
   y: 571
N-C:
   x: 1232
   y: 686
FO-B:
   x: 1162
   y: 1001
REL-O:
   x: 976
   y: 566
REL-I:
   x: 1083
   y: 575
REL-T:
   x: 1047
   y: 534
REL-B:
   x: 1038
   y: 582
LEL-O:
   x: 1294
   y: 588
LEL-I:
   x: 1199
   y: 582
LEL-T:
   x: 1263
   y: 551
LEL-B:
   x: 1262
   y: 597
REB-O:
   x: 901
   y: 516
REB-I:
   x: 1101
   y: 501
LEB-O:
   x: 0
   y: 0
LEB-I:
   x: 1219
   y: 518
RN-C:
   x: 1164
   y: 712
RN-O:
   x: 1102
   y: 708
LN-C:
   x: 0
   y: 0
LN-O:
   x: 0
   y: 0
M-OR:
   x: 1053
   y: 826
M-OL:
   x: 1228
   y: 827
M-OT:
   x: 1187
   y: 791
M-IT:
   x: 1182
   y: 812
M-OB:
   x: 1178
   y: 816
M-IB:
   x: 1172
   y: 841
REA-B:
   x: 771
   y: 783
LEA-B:
   x: 0
   y: 0
FO-L:
   x: 0
   y: 0
FO-R:
   x: 845
   y: 891
